camera para, distortion, translation, rotation: 
 [array([[ 244.79656725,    0.        ,  241.08056764],
       [   0.        ,  321.37010648,  316.39901554],
       [   0.        ,    0.        ,    1.        ]]), array([[-0.08473431, -0.0009205 , -0.01775865, -0.04750078,  0.01130868]]), [array([[ -0.09530315],
       [ -4.65425999],
       [ 15.82527936]]), array([[  3.34402418],
       [  2.47949408],
       [ 15.94533187]]), array([[ 13.92714386],
       [  0.02020074],
       [ 16.99376148]]), array([[  2.53793374],
       [ -2.64508834],
       [ 14.31297556]]), array([[  2.53793374],
       [ -2.64508834],
       [ 14.31297556]]), array([[  2.53793374],
       [ -2.64508834],
       [ 14.31297556]]), array([[  4.31846243],
       [ -1.87959055],
       [ 16.44825718]]), array([[  5.65451997],
       [ -3.51170826],
       [ 20.25080694]])], [array([[ 0.49755965],
       [-0.4949782 ],
       [ 0.46544982]]), array([[-1.08571707],
       [ 0.36753604],
       [ 0.47069201]]), array([[ 0.17791049],
       [ 0.62429299],
       [ 0.09770346]]), array([[ 0.42517369],
       [ 0.45514399],
       [ 0.01354617]]), array([[ 0.42517369],
       [ 0.45514399],
       [ 0.01354617]]), array([[ 0.42517369],
       [ 0.45514399],
       [ 0.01354617]]), array([[ 0.45797971],
       [ 0.43278794],
       [-0.01780063]]), array([[ 0.47723906],
       [ 0.44096894],
       [-0.0219878 ]])]]