camera para, distortion, translation, rotation: 
 [array([[ 461.58961352,    0.        ,  268.868511  ],
       [   0.        ,  856.71449974,  336.23521197],
       [   0.        ,    0.        ,    1.        ]]), array([[  1.02680358,   8.54488897,   0.21283199,  -0.29767215,
        -24.67058779]]), [array([[  4.42665166],
       [ -7.52506378],
       [ 26.3508527 ]]), array([[ -2.31424616],
       [ -8.10938863],
       [ 36.62718658]]), array([[ 15.26132794],
       [ -7.7796411 ],
       [ 43.40495143]]), array([[  1.46836598],
       [ -6.08668125],
       [ 26.98755862]])], [array([[-1.6474827 ],
       [-0.13792715],
       [ 0.03090449]]), array([[ 0.64222413],
       [-0.72011451],
       [ 0.50300709]]), array([[-0.31196297],
       [ 0.66021711],
       [ 0.14057192]]), array([[-0.65619571],
       [ 0.31612465],
       [ 0.10645081]])]]