scaling, camera para, distortion, translation, rotation for cam0 and cam1: 
 [1.899569921573962, array([[  2.09568078e+03,   0.00000000e+00,   3.18214209e+02],
       [  0.00000000e+00,   5.57675417e+01,   2.46543834e+02],
       [  0.00000000e+00,   0.00000000e+00,   1.00000000e+00]]), array([[  1.16612340e-02,  -8.26868898e-04,  -9.95864419e-03,
         -2.23300686e-04,   1.68891762e-05]]), [array([[-0.90066137],
       [-1.29740651],
       [ 0.83682154]])], [array([[  0.28185356],
       [ 30.44873529],
       [ 11.96919407]])], 0.9364567176844519, array([[  2.09568078e+03,   0.00000000e+00,   3.18214209e+02],
       [  0.00000000e+00,   5.57675417e+01,   2.46543834e+02],
       [  0.00000000e+00,   0.00000000e+00,   1.00000000e+00]]), array([[  1.16612340e-02,  -8.26868898e-04,  -9.95864419e-03,
         -2.23300686e-04,   1.68891762e-05]]), [array([[-0.90066137],
       [-1.29740651],
       [ 0.83682154]])], [array([[  0.28185356],
       [ 30.44873529],
       [ 11.96919407]])]]